0000000000000000000000000000000000000000000000000000000000000000
0000000000000000000000000000000000000001111111000000000000000000
0000000000000000000000000000000000000111111111100000000000000000
0000000000000000000000000000000000001111100011110000000000000000
0000000000000001110000000000000000001110000000111000000000000000
0000000000000001110000000000000000011100000000011000000000000000
0000000000000001110000000000000000011100000000011100000000000000
0000000000001001110100000000000000011000000000011100001111111110
0000000000011111111110000000000000011000000000011100001111111110
0000000000001111111110000000000000011000000000011100001111111110
0000000110000111111000001100000000011000000000011100000000000000
0000001110000011110000001100000000011000000000011100000000000000
0011001110000001110000011100110000011000000000011100000000000000
0111111110000001110000011111111000011000000000011100000000000000
0001111110000001110000011111110000011000000000011100000000000000
0000111110000001110000011111000000011000000000011100000000000000
0000111111100001110001111111100000011000000000011100001111110000
0011111111111111111111111111110000011000000000011100001111110000
0001110000111111111111100001110000011000000000011100000000000000
0000000000011110001110000000000000011000000000011100000000000000
0000000000001100001110000000000000011000000000011100000000000000
0000000000001100001110000000000000011000000000011100000000000000
0001000000011110011111000000000000011000000000011100000000000000
0001110001111111111111100011110000011000000000011100000000000000
0011111111110011111011111111110000011000000000011100001111111110
0000111111100001110000111111000000011000000000011100001111111110
0000111110000001110000011111000000011000000000011100001111111110
0011111110000001110000011111110000011000000000011100000000000000
0011111110000001110000011111111000011000000000011100000000000000
0011001110000001110000001100010000011000000000011100000000000000
0000001110000011111000001100000000011000000000011100000000000000
0000000000000111111100000000000000011000000000011100000000000000
0000000000011111111110000000000000011000001000011100001111110000
0000000000001111111110000000000000011000011100011100001111110000
0000000000001001110000000000000000011000011100011100001111110000
0000000000000001110000000000000000011000011100011100000000000000
0000000000000001110000000000000000011000011100011100000000000000
0000000000000001110000000000000000011000011100011100000000000000
0000000000000000000000000000000000011000011100011100000000000000
0000000000000000000000000000000000011000011100011100000000000000
0000000000000000000000000000000000111000011100011100000000000000
0000000000000000000000000000000001111000011100011110000000000000
0000000000000000000000000000000011110000011100000111000000000000
0000000000000000000000000000000011100000011100000011100000000000
0000000000000000000000000000000111000000011100000001110000000000
0000000000000000000000000000000110000001111111000001110000000000
0000000000000000000000000000001110000011111111100000111000000000
0000000000000000000000000000001110000111100011100000111000000000
0000000000000000000000000000001100000111000001110000111000000000
0000000000000000000000000000011100001110000000110000111000000000
0000000000000000000000000000011100001110000000110000111000000000
0000000000000000000000000000001100001110000000110000111000000000
0000000000000000000000000000001100000110000001110000111000000000
0000000000000000000000000000001110000111000011110000111000000000
0000000000000000000000000000001110000011111111100000110000000000
0000000000000000000000000000000110000001111111000001110000000000
0000000000000000000000000000000111000000011100000001110000000000
0000000000000000000000000000000011100000000000000011100000000000
0000000000000000000000000000000011110000000000000111000000000000
0000000000000000000000000000000001111000000000011110000000000000
0000000000000000000000000000000000111111000001111100000000000000
0000000000000000000000000000000000001111111111111000000000000000
0000000000000000000000000000000000000011111111100000000000000000
0000000000000000000000000000000000000000000000000000000000000000
