0000000000000000000000000000000000000000000000000000000000000000
0000000000000000000000000000000000000000000000000000000000000000
0000000000000000000000000000000000000000000000000000000000000000
0000000000000000000000000000000000000000000000000000000000000000
0000000000000000000000000000000000000000000000000000000000000000
0000000000000000000000000000000000000000000000000000000000000000
0000000000000000000000000000000000000000000000000000000000000000
0000000000000000000000000000000000000000000000000000000000000000
0001111000000000111100000000001111000000000011110000000001111000
0111111110000011111111100000111111110000011111111100000111111110
1100000011111110000000111111100000011111110000000111111100000011
1100000000000000000000000000000000000000000000000000000000000011
1100000000000000000000000000000000000000000000000000000000000011
1100000000000000000000000000000000000000000000000000000000000011
1100000000000000000000000000000000000000000000000000000000000011
1100000000000000000000000000000000000000000000000000011100000011
1100000000000000000000000000000000000000000000000000111111000011
1100000000000000000000000000000000000000000000000000000000000011
1100000110000000000000000001111111111111110000000000000000000011
1100001111000000000000011111110000000001111110000000000000000011
1100001101100000000011110000000000000000000011110000000000000011
1100001100110000001110000000000000000000000000011100000000000011
1100001100011000011000000000000000000000000000000111000000000011
1100000100001111110000000000000000000000000000000001100000000011
1100000100000000000000000000000000000000000000000000110000000011
1100000010000000000000000000000000000011000000000000100000000011
1100000011000000000000000000000000000010000000000001100000000011
1100000011000000000000000000000000000010000000000001100000000011
1100000010000000000000000000000000000110000100100000110000000011
1100000110000000000000000000000000000110000111100000011100000011
1100000100000100000000000000000000000110000011000000001100000011
1100001100001111000000000000000000000110000111100000001100000011
1100001100010001000000000000000000000110000100100000001000000011
1100001100100000100000000000000000000010000000000000010000000011
1100001111000000010000000000000000000010000000000000100000000010
1100000110000000001100000000000000000001000000000011000000000000
1100000100000000000110000000000000000001100000000110000000000000
1100000000000000000001110000000000000000100000111000000000000000
1100000000000000000001111110000000000000111111100000000000000000
1100000000000000000001000011111111111111111100000000000000000010
1100000000000000000001000000001111111111110000000000000000000000
1100000000000000000001000000000000000000110000000000000000000000
1100000000000000000001100000000000000000100000000000000000000000
1100000000000000000000111000000000000001000000000000000000000000
1100000000000000000000001111110000000010000000000100000000000000
1100000000000000000000000001111111111100000000011111000010000010
1100000011110000000000000000000001111000000000010001111110000011
1100000100011111100000000000000000000000000000000000000000000011
1100000000000110000000000000000000000000000000000000000000000011
1100000000000000000000000000000000000000000000000000000000000011
1100000000000000000000000000000000000000000000000000000000000011
1100000000000000000000000000000000000000000000000000000000000011
1100000000000000000000000000000000000000000000000000000000000011
1100000000000000000000000000000000000000000000000000000000000011
1111111111111111111111111111111111111111111111111111111111111111
0111111111111111111111111111111111111111111111111111111111111110
0000000000000000000000000000000000000000000000000000000000000000
0000000000000000000000000000000000000000000000000000000000000000
0000000000000000000000000000000000000000000000000000000000000000
0000000000000000000000000000000000000000000000000000000000000000
0000000000000000000000000000000000000000000000000000000000000000
0000000000000000000000000000000000000000000000000000000000000000
0000000000000000000000000000000000000000000000000000000000000000
0000000000000000000000000000000000000000000000000000000000000000
