0000000000000000000000000000000000000000000000000000000000000000
0000000000000000000000000000000000000000000000000000000000000000
0000000000000000000000000000000000000000000000000000000000000000
0000000000000000000010000000000010000000000010000000000000000000
0000000000000000000000000000000000000000000100000000000000000000
0000000000000000001000000000001000000000001000000000000000000000
0000000000000000000000000000000000000000000000000000000000000000
0000000000000000010000000000010000000000000000000000000000000000
0000000000000000010000000000010000000000010000000000000000000000
0000000000000000010000000000010000000000010000000000000000000000
0000000000000000010000000000010000000000010000000000000000000000
0000000000000000010000000000010000000000010000000000000000000000
0000000000000000000000000000000000000000000000000000000000000000
0000000000000000001000000000001000000000001000000000000000000000
0000000000000000000100000000000100000000000100000000000000000000
0000000000000000000010000000000010000000000010000000000000000000
0000000000000000000000000000000001000000000001000000000000000000
0000000000000000000001000000000001000000000001000000000000000000
0000000000000000000001000000000001000000000001000000000000000000
0000000000000000000001000000000000000000000000000000000000000000
0000000000000000000001000000000001000000000001000000000000000000
0000000000000000000001000000000001000000000001000000000000000000
0000000000000000000000000000000000000000000001000000000000000000
0000000000000000000010000000000010000000000010000000000000000000
0000000000000000000000000000000000000000000000000000000000000000
0000000000000000000000000000000000000000000000000000000000000000
0000000000000000000000000000000000000000000000000000000000000000
0000000000000000000000000000000000000000000000000000000000000000
0000000000000000000000000000000000000000000000000000000000000000
0000000000000000000000000000000000000000000000000000000000000000
0000000000000000000000000000000000000000000000000000000000000000
0000000000000000000000000000000000000000000000000000000000000000
0000000000000000000000000000000000000000000000000000000000000000
0000000000000000000000000000000000000000000000000000000000000000
0000000000000000000000000000000000000000000000000000000100000000
0000000000000000000000000000000000000000000000000000000100000000
0000000100000000000000000000000000000000000000000000000100000000
0000000100010000000000000000000000000000000000000000000111110000
0000000100010000000000000000000000000000000000000000000000000000
0000000100000000000000000000000000000000000000000000001000000000
0000000000001000000000000000000000000000000000000000001000000010
0000000010000000000000000000000000000000000000000000000000000000
0000000000000100000000000000000000000000000000000000010000000000
0000000001000000000000000000000000000000000000000000010000000000
0000000000000010000000000000000000000000000000000000100000000010
0000000000100000000000000000000000000000000000000000000000000010
0000000000000000000000000000000000000000000000000001000000000000
0000000000000000000000000000000000000000000000000010000000000100
0000000000001000000000000000000000000000000000000010000000001000
0000000000000100000000000000000000000000000000000100110000110000
0000000000000010000000000000000000000000000000001000000000000000
0000000000000001000000000000000000000000000000010000000000000000
0000000000000000100000000000000000000000000001000000000000000000
0000000000000000001000000000000000000000000010000000000000000000
0000000000000000000100000000000000000000000000000000000000000000
0000000000000000000100000000000000000000001000000000000000000000
0000000000000000000100000000000000000000001000000000000000000000
0000000000000000000100000000000000000000001000000000000000000000
0000000000000000000100000000000000000000001000000000000000000000
0000000000000000100000000000000000000000000001100000000000000000
0000000000000000000000000000000000000000000001000000000000000000
0000000000000000001111111111111111111111111110000000000000000000
0000000000000000000000000000000000000000000000000000000000000000
0000000000000000000000000000000000000000000000000000000000000000
