00000000000000000000000000000000000000000000000000000000000000000000000000000000000000000000000000000000000000000000000000000000
00000000000000000000000000000000000000000000000000000000000000000000000000000000000000000000000000000000000000000000000000000000
00000000000000000000000000000000000000000000000000000000000000000000000000000000000000000000000000000000000000000000000000000000
00000000000000000000000000000000000000000000000000000000000000000000000000000000000000000000000000000000000000000000000000000000
00000000000000000000000000000000000000000000000000000000000000000000000000000000000000000000000000000000000000000000000000000000
00000000000000000000000000000000000000000000000000000000000000000000000000000000000000000000000000000000000000000000000000000000
00000000000000000000000000000000000000000000000000000000000000000000000000000000000000000000000000000000000000000000000000000000
00000000000000000000000000000000000000000000000000000000000000000000000000000000000000000000000000000000000000000000000000000000
00000000000000000000000000000000000000000000000000000000000000000000000000000000000000000000000000000000000000000000000000000000
00000000000000000000000000000000000000000000000000000000000000000000000000000000000000000000000000000000000000000000000000000000
00000000000000000000000000000000000000000000000000000000000000000000000000000000000000000000000000000000000000000000000000000000
00000000000000000000000000000000000000000000000000000000000000000000000000000000000000000000000000000000000000000000000000000000
00000000000000000000000000000000000000000000000000000000000000000000000000000000000000000000000000000000000000000000000000000000
00000000000000000000000000000000000000000000000000000000000000000000000000000000000000000000000000000000000000000000000000000000
00000000000000000000000000000000000000000000000000000000000000000000000000000000000000000000000000000000000000000000000000000000
00000000000000000000000000000000000000000000000000000000000000000000000000000000000000000000000000000000000000000000000000000000
00000111111111000000000000000000111111111000000000000000000111111111000000000000000000011111111100000000000000000011111111100000
00111111111111110000000000000011111111111111000000000000011111111111111000000000000011111111111111000000000000001111111111111100
01111111111111111100000000001111111111111111110000000001111111111111111110000000001111111111111111110000000000111111111111111110
01111111111111111111111111111111111111111111111111111111111111111111111111111111111111111111111111111111111111111111111111111110
11111000000000111111111111111111000000000111111111111111111100000000111111111111111111100000000011111111111111111100000000011111
11111000000000001111111111111100000000000001111111111111100000000000000111111111111110000000000000111111111111110000000000011111
11111000000000000011111111110000000000000000011111111110000000000000000001111111111000000000000000001111111111000000000000011111
11111000000000000000000000000000000000000000000000000000000000000000000000000000000000000000000000000000000000000000000000011111
11111000000000000000000000000000000000000000000000000000000000000000000000000000000000000000000000000000000000000000000000011110
11111000000000000000000000000000000000000000000000000000000000000000000000000000000000000000000000000000000000000000000000011110
11111000000000000000000000000000000000000000000000000000000000000000000000000000000000000000000000000000000000000000000000011110
11111000000000000000000000000000000000000000000000000000000000000000000000000000000000000000000000000000000000000000000000011110
11111000000000000000000000000000000000000000000000000000000000000000000000000000000000000000000000000000000000000000000000011110
11111000000000000000000000000000000000000000000000000000000000000000000000000000000000000000000000000000000000000000000000011110
11111000000000000000000000000000000000000000000000000000000000000000000000000000000000000000000000000000001111110000000000011110
11111000000000000000000000000000000000000000000000000000000000000000000000000000000000000000000000000000111111111110000000011110
11111000000000000000000000000000000000000000000000000000000000000000000000000000000000000000000000000001111111111111000000011110
11111000000000000000000000000000000000000000000000000000000000000000000000000000000000000000000000000011111111111111000000011110
11111000000000000000000000000000000000000000000000000000000000000000000000000000000000000000000000000001111000001111000000011110
11111000000000111000000000000000000000000000000000000000000011111111111111111100000000000000000000000000100000000000000000011110
11111000000001111100000000000000000000000000000000000111111111111111111111111111111100000000000000000000000000000000000000011110
11111000000001111110000000000000000000000000000001111111111111111111111111111111111111110000000000000000000000000000000000011110
11111000000011111111000000000000000000000000011111111111111111111111111111111111111111111110000000000000000000000000000000011110
11111000000011111111100000000000000000000001111111111111111100000000000000000011111111111111110000000000000000000000000000011110
11111000000011111111110000000000000000001111111111111000000000000000000000000000000011111111111100000000000000000000000000011110
11111000000011110011111000000000000000111111111110000000000000000000000000000000000000001111111111000000000000000000000000011110
11111000000011110001111100000000000001111111100000000000000000000000000000000000000000000001111111110000000000000000000000011110
11111000000011110000111110000000000111111110000000000000000000000000000000000000000000000000001111111100000000000000000000011110
11111000000011110000011111100000011111111000000000000000000000000000000000000000000000000000000011111110000000000000000000011110
11111000000011110000001111111111111111100000000000000000000000000000000000000000000000000000000000111111100000000000000000011110
11111000000001111000000111111111111110000000000000000000000000000000000000000000000000000000000000001111110000000000000000011110
11111000000001111000000011111111111100000000000000000000000000000000000000000000000000000000000000000111111100000000000000011110
11111000000001111000000000111111110000000000000000000000000000000000000000000000000000000000000000000001111100000000000000011110
11111000000000111100000000000000000000000000000000000000000000000000000000000111000000000000000000000000111100000000000000011110
11111000000000111100000000000000000000000000000000000000000000000000000000001111000000000000000000000001111100000000000000011110
11111000000000011110000000000000000000000000000000000000000000000000000000001111000000000000000000000001111000000000000000011110
11111000000000011111000000000000000000000000000000000000000000000000000000011110000000000000000000000011111000000000000000011110
11111000000000001111000000000000000000000000000000000000000000000000000000011110000000000000000000000011110000000000000000011110
11111000000000001111100000000000000000000000000000000000000000000000000000011110000000000000000000000111110000000000000000011110
11111000000000001111000000000000000000000000000000000000000000000000000000111100000000000000000000000111111000000000000000011110
11111000000000011111000000000000000000000000000000000000000000000000000000111100000000110000110000000011111100000000000000011110
11111000000000111110000000000000000000000000000000000000000000000000000000111100000001111001111000000001111111000000000000011110
11111000000000111100000000000000000000000000000000000000000000000000000000111100000001111111111000000000111111100000000000011110
11111000000001111100000000000000000000000000000000000000000000000000000000111100000000111111110000000000001111111000000000011110
11111000000001111000000000111000000000000000000000000000000000000000000000111100000000011111100000000000000011111000000000011110
11111000000001111000000011111110000000000000000000000000000000000000000000111100000000011111100000000000000011110000000000011110
11111000000011110000000111111111000000000000000000000000000000000000000000111100000000111111110000000000000011110000000000011110
11111000000011110000001111111111000000000000000000000000000000000000000000111100000001111111111000000000000011110000000000011110
11111000000011110000011111000111100000000000000000000000000000000000000000111100000001111001111000000000000111100000000000011110
11111000000011110000111110000111110000000000000000000000000000000000000000111100000000110000110000000000001111100000000000011110
11111000000011110001111100000011111000000000000000000000000000000000000000011110000000000000000000000000011111000000000000011110
11111000000011110011111000000001111100000000000000000000000000000000000000011110000000000000000000000000111110000000000000011110
11111000000011110111110000000000111110000000000000000000000000000000000000011110000000000000000000000001111100000000000000001110
11111000000011111111100000000000111111000000000000000000000000000000000000001111000000000000000000000011111000000000000000000100
11111000000011111111000000000000001111110000000000000000000000000000000000001111000000000000000000001111110000000000000000000000
11111000000001111110000000000000000111111000000000000000000000000000000000000111100000000000000000011111100000000000000000000000
11111000000001111100000000000000000011111110000000000000000000000000000000000111110000000000000001111111000000000000000000000000
11111000000001111000000000000000000001111111100000000000000000000000000000000011110000000000000111111110000000000000000000000000
11111000000000010000000000000000000000011111111100000000000000000000000000000011111000000000111111111000000000000000000000000000
11111000000000000000000000000000000000000111111111100000000000000000000000000001111100000111111111100000000000000000000000000000
11111000000000000000000000000000000000000111111111111110000000000000000000000000111111111111111110000000000000000000000000000000
11111000000000000000000000000000000000000111111111111111111100000000000000000000111111111111111000000000000000000000000000000100
11111000000000000000000000000000000000000111100011111111111111111111111111111111111111111111100000000000000000000000000000001110
11111000000000000000000000000000000000000111100000011111111111111111111111111111111111111000000000000000000000000000000000001110
11111000000000000000000000000000000000000111100000000001111111111111111111111111111111000000000000000000000000000000000000001110
11111000000000000000000000000000000000000111100000000000000011111111111111111111111110000000000000000000000000000000000000000000
11111000000000000000000000000000000000000111100000000000000000000000000000000000111110000000000000000000000000000000000000000000
11111000000000000000000000000000000000000111100000000000000000000000000000000000111100000000000000000000000000000000000000000000
11111000000000000000000000000000000000000111110000000000000000000000000000000001111100000000000000000000000000000000000000000000
11111000000000000000000000000000000000000111111100000000000000000000000000000011111000000000000000000000000000000000000000000000
11111000000000000000000000000000000000000011111111100000000000000000000000000111110000000000000000000000000000000000000000000000
11111000000000000000000000000000000000000001111111111100000000000000000000001111100000000000000000000000000000000000000000000000
11111000000000000000000000000000000000000000001111111111111000000000000000011111000000000000000000110000000000000000000000000000
11111000000000000000000000000000000000000000000011111111111111111110000000111110000000000000000011111110000000000000000000001110
11111000000000000000000000000000000000000000000000011111111111111111111111111100000000000000001111111111100000011100000000001110
11111000000000000111110000000000000000000000000000000011111111111111111111111000000000000000011111111111111111111100000000011110
11111000000000011111111100000000000000000000000000000000000111111111111111110000000000000000011111001111111111111100000000011110
11111000000000111111111110000011110000000000000000000000000000000011111111100000000000000000001100000001111111111100000000011110
11111000000001111111111111111111110000000000000000000000000000000000000000000000000000000000000000000000111111100000000000011110
11111000000001111000001111111111110000000000000000000000000000000000000000000000000000000000000000000000000000000000000000011110
11111000000000110000000111111111100000000000000000000000000000000000000000000000000000000000000000000000000000000000000000011110
11111000000000000000000001111100000000000000000000000000000000000000000000000000000000000000000000000000000000000000000000011110
11111000000000000000000000000000000000000000000000000000000000000000000000000000000000000000000000000000000000000000000000011110
11111000000000000000000000000000000000000000000000000000000000000000000000000000000000000000000000000000000000000000000000011110
11111000000000000000000000000000000000000000000000000000000000000000000000000000000000000000000000000000000000000000000000011110
11111000000000000000000000000000000000000000000000000000000000000000000000000000000000000000000000000000000000000000000000011110
11111000000000000000000000000000000000000000000000000000000000000000000000000000000000000000000000000000000000000000000000011110
11111000000000000000000000000000000000000000000000000000000000000000000000000000000000000000000000000000000000000000000000011110
11111000000000000000000000000000000000000000000000000000000000000000000000000000000000000000000000000000000000000000000000011110
11111000000000000000000000000000000000000000000000000000000000000000000000000000000000000000000000000000000000000000000000011110
11111000000000000000000000000000000000000000000000000000000000000000000000000000000000000000000000000000000000000000000000011110
11111000000000000000000000000000000000000000000000000000000000000000000000000000000000000000000000000000000000000000000000011110
11111111111111111111111111111111111111111111111111111111111111111111111111111111111111111111111111111111111111111111111111111110
11111111111111111111111111111111111111111111111111111111111111111111111111111111111111111111111111111111111111111111111111111110
01111111111111111111111111111111111111111111111111111111111111111111111111111111111111111111111111111111111111111111111111111110
01111111111111111111111111111111111111111111111111111111111111111111111111111111111111111111111111111111111111111111111111111110
00000000000000000000000000000000000000000000000000000000000000000000000000000000000000000000000000000000000000000000000000000000
00000000000000000000000000000000000000000000000000000000000000000000000000000000000000000000000000000000000000000000000000000000
00000000000000000000000000000000000000000000000000000000000000000000000000000000000000000000000000000000000000000000000000000000
00000000000000000000000000000000000000000000000000000000000000000000000000000000000000000000000000000000000000000000000000000000
00000000000000000000000000000000000000000000000000000000000000000000000000000000000000000000000000000000000000000000000000000000
00000000000000000000000000000000000000000000000000000000000000000000000000000000000000000000000000000000000000000000000000000000
00000000000000000000000000000000000000000000000000000000000000000000000000000000000000000000000000000000000000000000000000000000
00000000000000000000000000000000000000000000000000000000000000000000000000000000000000000000000000000000000000000000000000000000
00000000000000000000000000000000000000000000000000000000000000000000000000000000000000000000000000000000000000000000000000000000
00000000000000000000000000000000000000000000000000000000000000000000000000000000000000000000000000000000000000000000000000000000
00000000000000000000000000000000000000000000000000000000000000000000000000000000000000000000000000000000000000000000000000000000
00000000000000000000000000000000000000000000000000000000000000000000000000000000000000000000000000000000000000000000000000000000
00000000000000000000000000000000000000000000000000000000000000000000000000000000000000000000000000000000000000000000000000000000
00000000000000000000000000000000000000000000000000000000000000000000000000000000000000000000000000000000000000000000000000000000
00000000000000000000000000000000000000000000000000000000000000000000000000000000000000000000000000000000000000000000000000000000
00000000000000000000000000000000000000000000000000000000000000000000000000000000000000000000000000000000000000000000000000000000
