00000000000000000000000000000000000000000000000000000000000000000000000000000000000000000000000000000000000000000000000000000000
00000000000000000000000000000011111100000000000000000000000000000000000000000000000000011111111111000000000000000000000000000000
00000000000000000000000000001111111100000000000000000000000000000000000000000000000001111111111111110000000000000000000000000000
00000000000000000000000000111111100000000011100000000000000000000000000000000000000111111000000111111100000000000000000000000000
00000000000000000000000001111000000000000011110000000000000000000000000000000000001111000000000000011110000000000000000000000000
00000000000000000000000111100000000000000001111000000000000000000000000000000000011110000000000000000111100000000000000000000000
00000000000000000000001111000000000000000000011100000000000000000000000000000000111000000000000000000011110000000000000000000000
00000000000000000000001110000000000000000000001110000000000011111111000000000001110000000000000000000001110000000000000000000000
00000000000000000000011100000000000000000000001110000011111111111111111111000001110000000000000000000000111000000000000000000000
00000000000000000000111000000000000000000000000111111111111111111111111111111111100000000000000000000000011100000000000000000000
00000000000000000000110000000000000000000000000111111111100000000000001111111111100000000000000000000000001100000000000000000000
00000000000000000001110000000000000000000000011111110000000000000000000000001111111000000000000000000000001110000000000000000000
00000000000000000001100000000000000000000001111110000000000000000000000000000001111110000000000000000000000110000000000000000000
00000000000000000011100000000000000000000111111000000000000000000000000000000000011111100000000000000000000111000000000000000000
00000000000000000011100000000000000000001111100000000000000000000000000000000000000111110000000000000000000111000000000000000000
00000000000000000011100000000000000000111110000000000000000000000000000000000000000001111100000000000000000111000000000000000000
00000000000000000011000000000000000001111000000000000000000000000000000000000000000000011110000000000000000111000000000000000000
00000000000000000011000000000000000011110000000000000000000000000000000000000000000000001111000000000000000011000000000000000000
00000000000000000011100000000000000111100000000000000000000000000000000000000000000000000111100000000000000111000000000000000000
00000000000000000011100000000000001110000000000000000000000000000000000000000000000000000001110000000000000111000000000000000000
00000000000000000011100000000000011100000000000000000000000000000000000000000000000000000000111000000000000111000000000000000000
00000000000000000011100000000000111000000000000000000000000000000000000000000000000000000000011100000000000111000000000000000000
00000000000000000001110000000001110000000000000000000000000000000000000000000000000000000000001110000000001110000000000000000000
00000000000000000001110000000011100000000000000000000000000000000000000000000000000000000000000111000000001110000000000000000000
00000000000000000000111000000011100000000000000000000000000000000000000000000000000000000000000111000000011100000000000000000000
00000000000000000000111000000111000000000000000000000000000000000000000000000000000000000000000011100000011100000000000000000000
00000000000000000000011100001110000000000000000000000000000000000000000000000000000000000000000001110000111000000000000000000000
00000000000000000000001110001110000000000000000000000000000000000000000000000000000000000000000001110001110000000000000000000000
00000000000000000000000111111100000000000000000000000000000000000000000000000000000000000000000000111111100000000000000000000000
00000000000000000000000011111100000000000000000000000000000000000000000000000000000000000000000000111111000000000000000000000000
00000000000000000000000001111000000000000000000000000000000000000000000000000000000000000000000000011110000000000000000000000000
00000000000000000000000000111000000000000000000000110000000000000000000000001100000000000000000000011100000000000000000000000000
00000000000000000000000000110000000000000000000000111000000000000000000000011100000000000000000000001100000000000000000000000000
00000000000000000000000001110000000000000000000000111000000000000000000000011100000000000000000000001110000000000000000000000000
00000000000000000000000001110000000000000000000000111000000000000000000000011100000000000000000000001110000000000000000000000000
00000000000000000000000001110000000000000000000000111000000000000000000000011100000000000000000000001110000000000000000000000000
00000000000000000000000001100000000000000000000000111000000000000000000000011100000000000000000000000110000000000000000000000000
00000000000000000000000001100000000000000000000000110000000000000000000000001100000000000000000000000110000000000000000000000000
00000000000000000000000011100000000000000000000000000000000000000000000000000000000000000000000000000111000000000000000000000000
00000000000000000000000011100000000000000000000000000000000000000000000000000000000000000000000000000111000000000000000000000000
00000000000000000000000011100000000000000000000000000000000001111110000000000000000000000000000000000111000000000000000000000000
00000000000000000000000011100000000000000000000000000000011111111111111000000000000000000000000000000111000000000000000000000000
00000000000000000000000011100000000000000000000000000001111111111111111110000000000000000000000000000111000000000000000000000000
00000000000000000000000011100000000000000000000000000001110000000000001110000000000000000000000000000111000000000000000000000000
00000000000000000000000011100000000000000000000000000011100000000000000111000000000000000000000000000111000000000000000000000000
00000000000000000000000001100000000000000000000000000011000000000000000011000000000000000000000000000110000000000000000000000000
00000000000000000000000001100000000000000000000000000011000000000000000011000000000000000000000000000110000000000000000000000000
00000000000000000000000001110000000000000000000000000011000000000000000011000000000000000000000000001110000000000000000000000000
00000000000000000000000001110000000000000000000000000011000000000000000011000000000000000000000000001110000000000000000000000000
00000000000000000000000001110000000000000000000000000011100000000000000111000000000000000000000000001110000000000000000000000000
00000000000000000000000000111000000000000000000000000011100000000000000111000000000000000000000000011100000000000000000000000000
00000000000000000000000000111000000000000000000000000001110000000000001110000000000000000000000000011100000000000000000000000000
00000000000000000000000000011000000000000000000000000000111000000000011100000000000000000000000000011000000000000000000000000000
00000000000000000000000000011100000000000000000000000000111110000001111100000000000000000000000000111000000000000000000000000000
00000000000000000000000000011100000000000000000000000000001111111111110000000000000000000000000000111000000000000000000000000000
00000000000000000000000000001110000000000000000000000000000111111111100000000000000000000000000001110000000000000000000000000000
00000000000000000000000000000110000000000000000000000000000000111100000000000000000000000000000001100000000000000000000000000000
00000000000000000000000000000111000000000000000000000000000000011000000000000000000000000000000011100000000000000000000000000000
00000000000000000000000000000011100000000000000000000000000000011000000000000000000000000000000111000000000000000000000000000000
00000000000000000000000000000001110000000000000000000000000000011000000000000000000000000000001110000000000000000000000000000000
00000000000000000000000000000001111000000000000000000000000000011000000000000000000000000000011110000000000000000000000000000000
00000000000000000000000000000000111000000000000000000000000000000000000000000000000000000000011100000000000000000000000000000000
00000000000000000000000000000000111100000000000000000000000000000000000000000000000000000000111100000000000000000000000000000000
00000000000000000000000000000001111111000000000000000000000000000000000000000000000000000011111110000000000000000000000000000000
00000000000000000000000000000011110111100000000000100000000000000000000000000100000000000111101111000000000000000000000000000000
00000000000000000000000000000111100011110000011111111111000000000000000011111111111000001111000111100000000000000000000000000000
00000000000000000000000000001110000001111101111111111111110000000000001111111111111110111110000011110000000000000000000000000000
00000000000000000000000000011110000000011111111000000111111100000000111111100000011111111000000001111000000000000000000000000000
00000000000000000000000000011100000000011111000000000000011110000001111000000000000011111000000000111000000000000000000000000000
00000000000000000000000000111000000000111100000000000000000111100111100000000000000000111100000000011100000000000000000000000000
00000000000000000000000001110000000001111000000000000000000011111111000000000000000000011110000000001110000000000000000000000000
00000000000000000000000001110000000001111100000000000000000001111110000000000000000000111110000000001110000000000000000000000000
00000000000000000000000011100000000001111111100000000000000000111100000000000000000111111110000000000110000000000000000000000000
00000000000000000000000011100000000000011111111100000000000000011000000000000000111111111100000000000111000000000000000000000000
00000000000000000000000011100000000000000001111111000000000000000000000000000011111110000000000000000111000000000000000000000000
00000000000000000000000011000000000000000000001111100000000000000000000000000111110000000000000000000011000000000000000000000000
00000000000000000000000011000000000000000000000011111000000000000000000000011111000000000000000000000011000000000000000000000000
00000000000000000000000011000000000000000000000000111100000000000000000000111100000000000000000000000011000000000000000000000000
00000000000000000000000011000000000000000000000000011110000000000000000001111000000000000000000000000011000000000000000000000000
00000000000000000000000011000000000000000000000000000111000000000000000011110000000000000000000000000011000000000000000000000000
00000000000000000000000011100000000000000000000000000111000000000000000011100000000000000000000000000111000000000000000000000000
00000000000000000000000011100000000000000000000000000011100000000000000111000000000000000000000000000111000000000000000000000000
00000000000000000000000001110000000000000000000000000011100000000000000111000000000000000000000000000110000000000000000000000000
00000000000000000000000001110000000000000000000000000001100000000000000110000000000000000000000000001110000000000000000000000000
00000000000000000000000000111000000000000000000000000001100000000000000110000000000000000000000000011100000000000000000000000000
00000000000000000000000000011100000000000000000000000001100000000000000110000000000000000000000000111000000000000000000000000000
00000000000000000000000000011110000000000000000000000011100000000000000111000000000000000000000001111000000000000000000000000000
00000000000000000000000000001111000000000000000000000011100000000000000111000000000000000000000011110000000000000000000000000000
00000000000000000000000000001111110000000000000000000111000000000000000011000000000000000000001111110000000000000000000000000000
00000000000000000000000000001111111100000000000000000111000000000000000011100000000000000000111111110000000000000000000000000000
00000000000000000000000000001110111111100000000000011110000000000000000001111000000000000011111101110000000000000000000000000000
00000000000000000000000000001100001111111111111111111100000000000000000000111111110011111111110000110000000000000000000000000000
00000000000000000000000000001100000111111111111111111000000000000000000000011111111111111111100000110000000000000000000000000000
00000000000000000000000000001100000111001111111111100000000000000000000000000111111111111011100000110000000000000000000000000000
00000000000000000000000000011100000011000000000000000000000000000000000000000000000000000011000000111000000000000000000000000000
00000000000000000000000000011100000011100000000000000000000000000000000000000000000000000111000000111000000000000000000000000000
00000000000000000000000000011100000001100000000000000000000000000000000000000000000000000110000000111000000000000000000000000000
00000000000000000000000000011100000001110000000000000000000000000000000000000000000000001110000000111000000000000000000000000000
00000000000000000000000000011100000001111000000000000000000000000000000000000000000000011110000000111000000000000000000000000000
00000000000000000000000000001100011111111000000000000000000000000000000000000000000000011111111000110000000000000000000000000000
00000000000000000000000000001111111111111100000000000000000000000000000000000000000000111111111111110000000000000000000000000000
00000000000000000000000000001111111111111110000000000000000000000000000000000000000001111111111111110000000000000000000000000000
00000000000000000000000000011111000000000111000000000000000000000000000000000000000011100000000011111000000000000000000000000000
00000000000000000000000000111100000000000011100000000000000000000000000000000000000111000000000000111100000000000000000000000000
00000000000000000000000001111000000000000001110000000000000000000000000000000000001110000000000000011110000000000000000000000000
00000000000000000000000011110000000000000000111000000000000000000000000000000000011100000000000000001111000000000000000000000000
00000000000000000000000011100000000000000000011110000000000000000000000000000001111000000000000000000111000000000000000000000000
00000000000000000000000111000000000000000000001111000000000000000000000000000011110000000000000000000011100000000000000000000000
00000000000000000000000111000000000000000000000111100000000000000000000000000111100000000000000000000011100000000000000000000000
00000000000000000000000110000000000000000000000011110000000000000000000000001111000000000000000000000001100000000000000000000000
00000000000000000000001110000000000000000000000001111100000000000000000000111110000000000000000000000001110000000000000000000000
00000000000000000000001110000000000000000000000001111110000000000000000001111110000000000000000000000001110000000000000000000000
00000000000000000000001110000000000000000000000001111111000000000000000011111110000000000000000000000001110000000000000000000000
00000000000000000000001110000000000000000000000000110111100000000000000111101100000000000000000000000001110000000000000000000000
00000000000000000000001110000000000000000000000001110001111000000000011110001110000000000000000000000001110000000000000000000000
00000000000000000000001110000000000000000000000001110000111100000000111100001110000000000000000000000001110000000000000000000000
00000000000000000000001110000000000000000000000001110000011110000001111000001110000000000000000000000000100000000000000000000000
00000000000000000000000110000000000000000000000001100000000111100111100000000110000000000000000000000000000000000000000000000000
00000000000000000000000111000000000000000000000011100000000011111111000000000111000000000000000000000000000000000000000000000000
00000000000000000000000011100000000000000000000011100000000001111110000000000111000000000000000000000000000000000000000000000000
00000000000000000000000011100000000000000000000111000000000000011000000000000011100000000000000000000000000000000000000000000000
00000000000000000000000001110000000000000000001110000000000000000000000000000001110000000000000000000000000000000000000000000000
00000000000000000000000000111100000000000000011100000000000000000000000000000000111000000000000000111000000000000000000000000000
00000000000000000000000000011110000000000001111000000000000000000000000000000000011110000000000001111000000000000000000000000000
00000000000000000000000000001111110000001111111000000000000000000000000000000000011111110000001111110000000000000000000000000000
00000000000000000000000000000011111111111111111111111111111111111111111111111111111111111111111111000000000000000000000000000000
00000000000000000000000000000000111111111111111111111111111111111111111111111111111111111111111100000000000000000000000000000000
00000000000000000000000000000000000001111111111111111111111111111111111111111111111111111110000000000000000000000000000000000000
