0000000000000000000000000000000000000000000000000000000000000000
0000000000000000000000000000000000000000000000000000000000000000
0000000000000000000000000000000000000000000000000000000000000000
0000000000000000000000000000000000000000000000000000000000000000
0000000000000000000000000000000000000000000000000000000000000000
0000000000000000000000000000000000000000000000000000000000000000
0000000000000000000000000000000000000000000000000000000000000000
0000000000000000000000000000000000000000000000000000000000000000
0000000000000000000000000000000000000000000000000000000000000000
0000000000000000000000000000000000011111100000000000000000000000
0000000000000000000000000000000011111111111000000000000000000000
0000000000000000000000000000001111100000011110000000000000000000
0000000000000000000000000000011100000000000111000000000000000000
0000000000000000000000000000111000000000000011100000000000000000
0000000000000000000001110001110000000000000000110000000000000000
0000000000000000000111111111100000000000000000111000000000000000
0000000000000000011110001111000000000000000000011000000000000000
0000000000000000111000000001000000000000000000001100000000000000
0000000000000001110000000000000000000000000000001100000000000000
0000000000000001100000000000000000000000000000001100000000000000
0000000000000011100000000000000000000000000000000110000000000000
0000000000000011000000000000000000000000000000000110000000000000
0000000000000011000000000000000000000000000000000110000000000000
0000000000000011000000000000000000000000000000000110000000000000
0000000000001111000000000000000000000000000000001100000000000000
0000000000011111000000000000000000000000000000001111100000000000
0000000000111000000000000000000000000000000000001111111000000000
0000000001110000000000000000000000000000000000000000011100000000
0000000011100000000000000000000000000000000000000000001110000000
0000000011000000000000000000000000000000000000000000000111000000
0000000110000000000000000000000000000000000000000000000011000000
0000000110000000000000000000000000000000000000000000000011000000
0000000110000000000000000000000000000000000000000000000001100000
0000000110000000000000000000000000000000000000000000000001100000
0000000110000000000000000000000000000000000000000000000001100000
0000000110000000000000000000000000000000000000000000000001100000
0000000111000000000000000000000000000000000000000000000011000000
0000000011000000000000000000000010000000000000000000000011000000
0000000011100000000000000000000011000000000000000000000111000000
0000000001110000000000000000000011000000000000000000001110000000
0000000000111100000000000000000011000000000000000000011100000000
0000000000011111111111100000000011000000000111111111111000000000
0000000000000111111111100001100011000000000111111111100000000000
0000000000000000000000000000110011001000000000000000000000000000
0000000000000000000000000000011111111000000000000000000000000000
0000000000000000000000000000011100110000000000000000000000000000
0000000000000000000000000000011000011000000000000000000000000000
0000000000000000000000001111111000011111110000000000000000000000
0000000000000000000000000000011000011000000000000000000000000000
0000000000000000000000000000011100110000000000000000000000000000
0000000000000000000000000000011111111000000000000000000000000000
0000000000000000000000000000110011001100000000000000000000000000
0000000000000000000000000001100011000110000000000000000000000000
0000000000000000000000000001000011000000000000000000000000000000
0000000000000000000000000000000011000000000000000000000000000000
0000000000000000000000000000000011000000000000000000000000000000
0000000000000000000000000000000011000000000000000000000000000000
0000000000000000000000000000000011000000000000000000000000000000
0000000000000000000000000000000000000000000000000000000000000000
0000000000000000000000000000000000000000000000000000000000000000
0000000000000000000000000000000000000000000000000000000000000000
0000000000000000000000000000000000000000000000000000000000000000
0000000000000000000000000000000000000000000000000000000000000000
0000000000000000000000000000000000000000000000000000000000000000
