0000000000000000000000000000000000000000000000000000000000000000
0000000000000000000000000000000000000000000000000000000000000000
0000000000000000000000000000000000000000000000000000000000000000
0000000000000000000000000000000000000000000000000000000000000000
0000000000000000000000000000000000000000000000000000000000000000
0000000000000000000000000000000000000000000000000000000000000000
0000000000000000000000000000000000000000000000000000000000000000
0000000000000000000000000000000000000000000000000000000000000000
0000000000000000000000000000000000000000000000000000000000000000
0000000000000000000000000000000000000000000000000000000000000000
0000000000000000000000000000000000000000000000000000000000000000
0000000000000000000000000000000000000000000000000000000000000000
0000000000000000000000000000000011000000000000000000000000000000
0000000000000000000000000000000011000000000000000000000000000000
0000000000000000000000000000000011000000000000000000000000000000
0000000000000000000000000000000011000000000000000000000000000000
0000000000000000000000000000000011000000000000000000000000000000
0000000000000000000000000000000011000000000000000000000000000000
0000000000000000001100000000000011000000000000110000000000000000
0000000000000000001110000000000000000000000001110000000000000000
0000000000000000000111000000000000000000000011100000000000000000
0000000000000000000011100000000000000000000111000000000000000000
0000000000000000000001100000001111110000000110000000000000000000
0000000000000000000000000000111111111100000000000000000000000000
0000000000000000000000000011110000011111000000000000000000000000
0000000000000000000000000111000000000011100000000000000000000000
0000000000000000000000001110000000000001110000000000000000000000
0000000000000000000000011100000000000000110000000000000000000000
0000000000000000000000011000000000000000111000000000000000000000
0000000000000000000000011000000000000000011000000000000000000000
0000000000000000000000110000000000000000011000000000000000000000
0000000000000000000000110000000000000000001100000000000000000000
0000000000001111111000110000000000000000001100011111110000000000
0000000000001111111000110000000000000000001100011111100000000000
0000000000000000000000110000000000000000011000000000000000000000
0000000000000000000000111000000000000000011000000000000000000000
0000000000000000000000011000000000000000011000000000000000000000
0000000000000000000000011100000000000000111000000000000000000000
0000000000000000000000001100000000000001110000000000000000000000
0000000000000000000000001110000000000001100000000000000000000000
0000000000000000000000000111100000000111000000000000000000000000
0000000000000000000000000001111000111110000000000000000000000000
0000000000000000000000000000111111111100000000000000000000000000
0000000000000000000001100000000111000000000110000000000000000000
0000000000000000000011100000000000000000000111000000000000000000
0000000000000000000111000000000000000000000011100000000000000000
0000000000000000001110000000000000000000000001110000000000000000
0000000000000000001100000000000011000000000000110000000000000000
0000000000000000000000000000000011000000000000000000000000000000
0000000000000000000000000000000011000000000000000000000000000000
0000000000000000000000000000000011000000000000000000000000000000
0000000000000000000000000000000011000000000000000000000000000000
0000000000000000000000000000000011000000000000000000000000000000
0000000000000000000000000000000000000000000000000000000000000000
0000000000000000000000000000000000000000000000000000000000000000
0000000000000000000000000000000000000000000000000000000000000000
0000000000000000000000000000000000000000000000000000000000000000
0000000000000000000000000000000000000000000000000000000000000000
0000000000000000000000000000000000000000000000000000000000000000
0000000000000000000000000000000000000000000000000000000000000000
0000000000000000000000000000000000000000000000000000000000000000
0000000000000000000000000000000000000000000000000000000000000000
0000000000000000000000000000000000000000000000000000000000000000
0000000000000000000000000000000000000000000000000000000000000000
