0000000000000000000000000000000000000000000000000000000000000000
0000000000000000000000000000000000000000000000000000000000000000
0000000000000000000000000000000000000000000000000000000000000000
0000000000000000000000000000000000000000000000000000000000000000
0000000000000000000000000000000000000000000000000000000000000000
0000000000000000000000000000000000000000000000000000000000000000
0000000000000000000000000000000000000000000000000000000000000000
0000000000000000000000000000000000111111110000000000000000000000
0000000000000000000000000000000011111111111100000000000000000000
0000000000000000000000000000001111000000011110000000000000000000
0000000000000000000000000000011100000000000111100000000000000000
0000000000000000000000000000111000000000000001110000000000000000
0000000000000000000011111001110000000000000000110000000000000000
0000000000000000001111111111100000000000000000011000000000000000
0000000000000000011110000111000000000000000000011100000000000000
0000000000000000111000000001000000000000000000001100000000000000
0000000000000001110000000000000000000000000000001100000000000000
0000000000000001100000000000000000000000000000001100000000000000
0000000000000011000000000000000000000000000000000110000000000000
0000000000000011000000000000000000000000000000000110000000000000
0000000000000011000000000000000000000000000000000110000000000000
0000000000000011000000000000000000000000000000000110000000000000
0000000000001111000000000000000000000000000000001110000000000000
0000000000111110000000000000000000000000000000001111100000000000
0000000001111000000000000000000000000000000000001111111000000000
0000000001100000000000000000000000000000000000000000011100000000
0000000011100000000000000000000000000000000000000000001110000000
0000000011000000000000000000000000000000000000000000000111000000
0000000110000000000000000000000000000000000000000000000011000000
0000000110000000000000000000000000000000000000000000000011100000
0000000110000000000000000000000000000000000000000000000001100000
0000000110000000000000000000000000011000000000000000000001100000
0000000110000000000000000000000000111000000000000000000001100000
0000000110000000000000000000000001110000000000000000000001100000
0000000011000000000000000000000001100000000000000000000011000000
0000000011000000000000000000000011100000000000000000000011000000
0000000001100000000000000000000111000000000000000000000111000000
0000000001110000000000000000000110000000000000000000001110000000
0000000000111100000000000000001110000000000000000000111100000000
0000000000001111111111100000011100000000000111111111110000000000
0000000000000011111111100000011000000000000111111111000000000000
0000000000000000000000000000111000000000000000000000000000000000
0000000000000000000000000001111111111100000000000000000000000000
0000000000000000000000000011111110111000000000000000000000000000
0000000000000000000000000000000000110000000000000000000000000000
0000000000000000000000000000000000110000000000000000000000000000
0000000000000000000000000000000001100000000000000000000000000000
0000000000000000000000000000000011100000000000000000000000000000
0000000000000000000000000000000011000000000000000000000000000000
0000000000000000000000000000000110000000000000000000000000000000
0000000000000000000000000000001110000000000000000000000000000000
0000000000000000000000000000001100000000000000000000000000000000
0000000000000000000000000000011100000000000000000000000000000000
0000000000000000000000000000011000000000000000000000000000000000
0000000000000000000000000000110000000000000000000000000000000000
0000000000000000000000000001110000000000000000000000000000000000
0000000000000000000000000001100000000000000000000000000000000000
0000000000000000000000000011100000000000000000000000000000000000
0000000000000000000000000011000000000000000000000000000000000000
0000000000000000000000000000000000000000000000000000000000000000
0000000000000000000000000000000000000000000000000000000000000000
0000000000000000000000000000000000000000000000000000000000000000
0000000000000000000000000000000000000000000000000000000000000000
0000000000000000000000000000000000000000000000000000000000000000
