0000000000000000000000000000000000000000000000000000000000000000
0000000000000000000000000000000000000000000000000000000000000000
0000000000000000000000000000000000000000000000000000000000000000
0000000000000000000000000000000000000000000000000000000000000000
0000000000000000000000000000000000000000000000000000000000000000
0000000000000000000000000000000000000000000000000000000000000000
0000000000000000000000000000000000000000000000000000000000000000
0000000000000000000000000000000000000000000000000000000000000000
0000000000000000000000000000000000001111000000000000000000000000
0000000000000000000000000000000011111111111000000000000000000000
0000000000000000000000000000000111110000111110000000000000000000
0000000000000000000000000000011110000000000111000000000000000000
0000000000000000000000000000111000000000000011100000000000000000
0000000000000000000000000001110000000000000001110000000000000000
0000000000000000000111111111100000000000000000111000000000000000
0000000000000000011111111111000000000000000000011000000000000000
0000000000000000111000000011000000000000000000001100000000000000
0000000000000001110000000000000000000000000000001100000000000000
0000000000000001100000000000000000000000000000001100000000000000
0000000000000011100000000000000000000000000000000110000000000000
0000000000000011000000000000000000000000000000000110000000000000
0000000000000011000000000000000000000000000000000110000000000000
0000000000000011000000000000000000000000000000000110000000000000
0000000000000111000000000000000000000000000000000100000000000000
0000000000011111000000000000000000000000000000001111000000000000
0000000000111000000000000000000000000000000000001111111000000000
0000000001110000000000000000000000000000000000000000111100000000
0000000011100000000000000000000000000000000000000000001110000000
0000000011000000000000000000000000000000000000000000000111000000
0000000111000000000000000000000000000000000000000000000011000000
0000000110000000000000000000000000000000000000000000000011000000
0000000110000000000000000000000000000000000000000000000001100000
0000000110000000000000000000000000000000000000000000000001100000
0000000110000000000000000000000000000000000000000000000001100000
0000000110000000000000000000000000000000000000000000000001100000
0000000111000000000000000000000000000000000000000000000011000000
0000000011000000000000000000000000000000000000000000000011000000
0000000011100000000000000000000000000010000000000000000111000000
0000000001110000000000000000011000000110000000000000001110000000
0000000000111000000000000000110000000100000000000000011100000000
0000000000011111111111000000110000001100000111111111111000000000
0000000000000111111111100001100000001000000111111111100000000000
0000000000000000000000000001100000011000000000000000000000000000
0000000000000000000000000011000000010000000000000000000000000000
0000000000000000000000000011000000110000000000000000000000000000
0000000000000000000000000010000000100000000000000000000000000000
0000000000000000000000000000000001100000000000000000000000000000
0000000000000000000000000000000001000000000000000000000000000000
0000000000000000000000001000000011000000000000000000000000000000
0000000000000000000000011100000010000000000000000000000000000000
0000000000000000000000011100000110000000000000000000000000000000
0000000000000000000000000000001100000000000000000000000000000000
0000000000000000000000000000000100000000000000000000000000000000
0000000000000000000000000000000000000000000000000000000000000000
0000000000000000000000000000000000000000000000000000000000000000
0000000000000000000000000000110000000000000000000000000000000000
0000000000000000000000000000110000000000000000000000000000000000
0000000000000000000000000000110000000000000000000000000000000000
0000000000000000000000000000000000000000000000000000000000000000
0000000000000000000000000000000000000000000000000000000000000000
0000000000000000000000000000000000000000000000000000000000000000
0000000000000000000000000000000000000000000000000000000000000000
0000000000000000000000000000000000000000000000000000000000000000
0000000000000000000000000000000000000000000000000000000000000000
