0000000000000000000000000000000000000000000000000000000000000000
0000000000000000000000000000000000000000000000000000000000000000
0000000000000000000000000000000000000000000000000000000000000000
0000000000000000000000000000000000000000000000000000000000000000
0000000000000000000000000000000000000000000000000000000000000000
0000000000000000000000000000000000000000000000000000000000000000
0000000000000000000000000000000000000000000000000000000000000000
0000000000000000000000000000000000000000000000000000000000000000
0000000000000000000000000000000000000000000000000000000000000000
0000000000000000000000000000000001111111110000000000000000000000
0000000000000000000000000000000111111111111100000000000000000000
0000000000000000000000000000001110000000001111000000000000000000
0000000000000000000000000000111100000000000011100000000000000000
0000000000000000000000000001110000000000000001110000000000000000
0000000000000000000011111101100000000000000000111000000000000000
0000000000000000001111111111100000000000000000011000000000000000
0000000000000000011100000011000000000000000000011100000000000000
0000000000000000110000000000000000000000000000001100000000000000
0000000000000001110000000000000000000000000000001100000000000000
0000000000000001100000000000000000000000000000000110000000000000
0000000000000011000000000000000000000000000000000110000000000000
0000000000000011000000000000000000000000000000000110000000000000
0000000000000011000000000000000000000000000000000110000000000000
0000000000000011000000000000000000000000000000000100000000000000
0000000000001111000000000000000000000000000000001110000000000000
0000000000111100000000000000000000000000000000001111110000000000
0000000001110000000000000000000000000000000000001001111100000000
0000000011100000000000000000000000000000000000000000011110000000
0000000011000000000000000000000000000000000000000000000110000000
0000000111000000000000000000000000000000000000000000000111000000
0000000110000000000000000000000000000000000000000000000011000000
0000000110000000000000000000000000000000000000000000000001100000
0000000110000000000000000000000000000000000000000000000001100000
0000000110000000000000000000000000000000000000000000000001100000
0000000110000000000000000000000000000000000000000000000001100000
0000000110000000000000000000000000000000000000000000000001100000
0000000011000000000000000000000000000000000000000000000011000000
0000000011100000000000000000000000000000000000000000000111000000
0000000001100000000000000000000000000000000000000000000110000000
0000000000111000000000000000000000000000000000000000001110000000
0000000000011110000000000000000000000000000000000001111100000000
0000000000001111111111100011000011000011000111111111110000000000
0000000000000001111111000111000111000111000111111110000000000000
0000000000000000000000000110001110001110000000000000000000000000
0000000000000000000000001110001100001100000000000000000000000000
0000000000000000000000001100001100011000000000000000000000000000
0000000000000000000000000000000000000000000000000000000000000000
0000000000000000000000000000000000000000000000000000000000000000
0000000000000000000000000000000000000000000000000000000000000000
0000000000000000000000000000000000000000000000000000000000000000
0000000000000000000011000011000011000000000000000000000000000000
0000000000000000000111000111000111000000000000000000000000000000
0000000000000000000110000110001110000000000000000000000000000000
0000000000000000001110001100001100000000000000000000000000000000
0000000000000000011100011100011100000000000000000000000000000000
0000000000000000001000001000001000000000000000000000000000000000
0000000000000000000000000000000000000000000000000000000000000000
0000000000000000000000000000000000000000000000000000000000000000
0000000000000000000000000000000000000000000000000000000000000000
0000000000000000000000000000000000000000000000000000000000000000
0000000000000000000000000000000000000000000000000000000000000000
0000000000000000000000000000000000000000000000000000000000000000
0000000000000000000000000000000000000000000000000000000000000000
0000000000000000000000000000000000000000000000000000000000000000
