0000000000000000000000000000000000000000000000000000000000000000
0000000000000000000000000000000000000000000000000000000000000000
0000000000000000000000000000000000000000000000000000000000000000
0000000000000000000000000000000000000000000000000000000000000000
0000000000000000000000000000000000000000000000000000000000000000
0000000000000000000000000000000000000000000000000000000000000000
0000000000000000000000000000000000000100000000000000000000000000
0000000000000000000000000000000001111111110000000000000000000000
0000000000000000000000000000000111111111111100000000000000000000
0000000000000000000000000000001111000000011111000000000000000000
0000000000000000000000000000011100000000000111100000000000000000
0000000000000000000000000000111000000000000001110000000000000000
0000000000000000000011111001100000000000000000110000000000000000
0000000000000000001111111111100000000000000000011000000000000000
0000000000000000011110000111000000000000000000011100000000000000
0000000000000000111000000001000000000000000000001100000000000000
0000000000000001110000000000000000000000000000001100000000000000
0000000000000001100000000000000000000000000000001100000000000000
0000000000000011000000000000000000000000000000000110000000000000
0000000000000011000000000000000000000000000000000110000000000000
0000000000000011000000000000000000000000000000000110000000000000
0000000000000011000000000000000000000000000000000100000000000000
0000000000001111000000000000000000000000000000001110000000000000
0000000000111100000000000000000000000000000000001111110000000000
0000000001110000000000000000000000000000000000001111111000000000
0000000001100000000000000000000000000000000000000000011100000000
0000000011000000000000000000000000000000000000000000001110000000
0000000011000000000000000000000000000000000000000000000111000000
0000000110000000000000000000000000000000000000000000000011000000
0000000110000000000000000000000000000000000000000000000011100000
0000000110000000000000000000000000000000000000000000000001100000
0000000110000000000000000000000000000000000000000000000001100000
0000000110000000000000000000000000000000000000000000000001100000
0000000110000000000000000000000000000000000000000000000001100000
0000000011000000000000000000000000000000000000000000000011000000
0000000011000000000000000000000000000000000000000000000011000000
0000000001100000000000000000000000000000000000000000000110000000
0000000001111000000000000000000000000000000000000000001110000000
0000000000111110000000000001100000001110000000000000111100000000
0000000000001111111111100011110000001110000111111111111000000000
0000000000000011111111100001110000001110000111111111000000000000
0000000000000000000000000000100000000100000000000000000000000000
0000000000000000000000000000000000000000000000000000000000000000
0000000000000000000000000000000000000000000000000000000000000000
0000000000000000000000000000000000000000000000000000000000000000
0000000000000000000000000000000000000000000000000000000000000000
0000000000000000000001000000000010000000000100000000000000000000
0000000000000000000011100000000111000000001110000000000000000000
0000000000000000000011110000000111000000011110000000000000000000
0000000000000000000011100000000111000000001110000000000000000000
0000000000000000000000000000000000000000000000000000000000000000
0000000000000000000000000000000000000000000000000000000000000000
0000000000000000000000000000000000000000000000000000000000000000
0000000000000000000000000000000000000000000000000000000000000000
0000000000000000000000000000000000000000000000000000000000000000
0000000000000000000000000001100000001110000000000000000000000000
0000000000000000000000000011110000001110000000000000000000000000
0000000000000000000000000011110000001110000000000000000000000000
0000000000000000000000000001100000000100000000000000000000000000
0000000000000000000000000000000000000000000000000000000000000000
0000000000000000000000000000000000000000000000000000000000000000
0000000000000000000000000000000000000000000000000000000000000000
0000000000000000000000000000000000000000000000000000000000000000
0000000000000000000000000000000000000000000000000000000000000000
