0000000000000000000000000000000000000000000000000000000000000000
0000000000000000000000000000000000000000000000000000000000000000
0000000000000000000000000000000000000000000000000000000000000000
0000000000000000000000000000000000000000000000000000000000000000
0000000000000000000000000000000000000000000000000000000000000000
0000000000000000000000000000000000000000000000000000000000000000
0000000000000000000000000000000000000000000000000000000000000000
0000000000000000000000000000000000111111110000000000000000000000
0000000000000000000000000000000011111111111100000000000000000000
0000000000000000000000000000001111000000011110000000000000000000
0000000000000000000000000000011100000000000111100000000000000000
0000000000000000000000000000111000000000000001110000000000000000
0000000000000000000011111001110000000000000000110000000000000000
0000000000000000001111111111100000000000000000011000000000000000
0000000000000000011110000111000000000000000000011100000000000000
0000000000000000111000000001000000000000000000001100000000000000
0000000000000001110000000000000000000000000000001100000000000000
0000000000000001100000000000000000000000000000001100000000000000
0000000000000011000000000000000000000000000000000110000000000000
0000000000000011000000000000000000000000000000000110000000000000
0000000000000011000000000000000000000000000000000110000000000000
0000000000000011000000000000000000000000000000000110000000000000
0000000000001111000000000000000000000000000000001110000000000000
0000000000011110000000000000000000000000000000001111100000000000
0000000001111000000000000000000000000000000000001111111000000000
0000000001100000000000000000000000000000000000000000011100000000
0000000011100000000000000000000000000000000000000000001110000000
0000000011000000000000000000000000000000000000000000000111000000
0000000110000000000000000000000000000000000000000000000011000000
0000000110000000000000000000000000000000000000000000000011100000
0000000110000000000000000000000000000000000000000000000001100000
0000000110000000000000000000000000000000000000000000000001100000
0000000110000000000000000000000000000000000000000000000001100000
0000000110000000000000000000000000000000000000000000000001100000
0000000011000000000000000000000000000000000000000000000011000000
0000000011000000000000000000100000110000100000000000000011000000
0000000001100000000000000001110001110001110000000000000111000000
0000000001110000000000000001100001100001100000000000001110000000
0000000000111100000000000011100001100011100000000000111100000000
0000000000001111111111100011000011000011000111111111111000000000
0000000000000011111111100011000011000011000111111111000000000000
0000000000000000000000000110000111000110000000000000000000000000
0000000000000000000000000110000110000110000000000000000000000000
0000000000000000000000001110001110001110000000000000000000000000
0000000000000000000000001100001100001100000000000000000000000000
0000000000000000000000001100001100001100000000000000000000000000
0000000000000000000000011000011000011000000000000000000000000000
0000000000000000000000011000011000011000000000000000000000000000
0000000000000000000000111000111000111000000000000000000000000000
0000000000000000000000110000110000110000000000000000000000000000
0000000000000000000001110001110000110000000000000000000000000000
0000000000000000000001100001100001100000000000000000000000000000
0000000000000000000001100001100001100000000000000000000000000000
0000000000000000000000000011000000000000000000000000000000000000
0000000000000000000000000011000000000000000000000000000000000000
0000000000000000000000000111000000000000000000000000000000000000
0000000000000000000000000110000000000000000000000000000000000000
0000000000000000000000001110000000000000000000000000000000000000
0000000000000000000000000100000000000000000000000000000000000000
0000000000000000000000000000000000000000000000000000000000000000
0000000000000000000000000000000000000000000000000000000000000000
0000000000000000000000000000000000000000000000000000000000000000
0000000000000000000000000000000000000000000000000000000000000000
0000000000000000000000000000000000000000000000000000000000000000
