0000000000000000000000000000000000000000000000000000000000000000
0000000000000000000000000000000000000000000000000000000000000000
0000000000000000000000000000000000000000000000000000000000000000
0000000000000000000000000000000000000000000000000000000000000000
0000000000000000000000000000000000000000000000000000000000000000
0000000000000000000000000000000000000000000000000000000000000000
0000000000000000000000000000000000000000000000000000000000000000
0000000000000000000000000000000000000000000000000000000000000000
0000000000000000000000000000000000000000000000000000000000000000
0000000000000000000000000000000000000000000000000000000000000000
0000000000000000000000000000000000000000000000000000000000000000
0000000000000000000000000000000000000000000000000000000000000000
0000000000000000000000000000000000000000000000000000000000000000
0000000000000000000000000000000000000000000000000000000000000000
0000000000000000000000000000000011000000000000000000000000000000
0000000000000000000000000000000011000000000000000000000000000000
0000000000000000000000000000000011000000000000000000000000000000
0000000000000000000000000000110011001000000000000000000000000000
0000000000000000000000000000110010011000000000000000000000000000
0000000000000000000110001100011010010000100001100000000000000000
0000000000000000000110001100001111100000100011000000000000000000
0000000000000000000011001100000011000000100110000000000000000000
0000000000000000000000100100000011000000100100000000000000000000
0000000000000000000000011100000011000000111000000000000000000000
0000000000000000000110011100000011000000111001100000000000000000
0000000000000000000111111100000011000001111111100000000000000000
0000000000000000000000000110000011000011000000000000000000000000
0000000000000000000000000011000011000110000000000000000000000000
0000000000000000011000000001100011001100000000010000000000000000
0000000000000000011000000000110010011000000000110000000000000000
0000000000000000000100000000001010010000000001100000000000000000
0000000000000000000110000000000111100000000011000000000000000000
0000000000000111111111111111111111111111111111111111000000000000
0000000000000011110011111111100111100111111111001111000000000000
0000000000000000000110000000001111100000000001000000000000000000
0000000000000000001100000000011010010000000001100000000000000000
0000000000000000011000000000110010001000000000110000000000000000
0000000000000000000000000001100011001100000000010000000000000000
0000000000000000000000000011000011000110000000000000000000000000
0000000000000000000000000110000011000011000000000000000000000000
0000000000000000000111111100000011000001111111100000000000000000
0000000000000000000000011100000011000000111000000000000000000000
0000000000000000000000011100000011000000111000000000000000000000
0000000000000000000001100100000011000000100100000000000000000000
0000000000000000000011001100000111000000100110000000000000000000
0000000000000000000110001100001111100000100011100000000000000000
0000000000000000000100001100011010010000100001100000000000000000
0000000000000000000000000000110010011000000000000000000000000000
0000000000000000000000000000000011001000000000000000000000000000
0000000000000000000000000000000011000000000000000000000000000000
0000000000000000000000000000000011000000000000000000000000000000
0000000000000000000000000000000011000000000000000000000000000000
0000000000000000000000000000000000000000000000000000000000000000
0000000000000000000000000000000000000000000000000000000000000000
0000000000000000000000000000000000000000000000000000000000000000
0000000000000000000000000000000000000000000000000000000000000000
0000000000000000000000000000000000000000000000000000000000000000
0000000000000000000000000000000000000000000000000000000000000000
0000000000000000000000000000000000000000000000000000000000000000
0000000000000000000000000000000000000000000000000000000000000000
0000000000000000000000000000000000000000000000000000000000000000
0000000000000000000000000000000000000000000000000000000000000000
0000000000000000000000000000000000000000000000000000000000000000
0000000000000000000000000000000000000000000000000000000000000000
