0000000000000000000000000000000000000000000000000000000000000000
0000000000000000000000000000000000000000000000000000000000000000
0000000000000000000000000000000000000000000000000000000000000000
0000000000000000000000000000000000000000000000000000000000000000
0000000000000000000000000000000000000000000000000000000000000000
0000000000000000000000000000000000000000000000000000000000000000
0000000000000000000000000000000000000000000000000000000000000000
0000000000000000000000000000000000000000000000000000000000000000
0000000000000000000000000000000000000000000000000000000000000000
0000000000000000000000000000000001111111110000000000000000000000
0000000000000000000000000000000111111111111100000000000000000000
0000000000000000000000000000001111000000001111000000000000000000
0000000000000000000000000000111100000000000011100000000000000000
0000000000000000000000000000110000000000000001110000000000000000
0000000000000000000011111101100000000000000000111000000000000000
0000000000000000001111111111100000000000000000011000000000000000
0000000000000000011100000011000000000000000000011100000000000000
0000000000000000111000000001000000000000000000001100000000000000
0000000000000001110000000000000000000000000000001100000000000000
0000000000000001100000000000000000000000000000001110000000000000
0000000000000011000000000000000000000000000000000110000000000000
0000000000000011000000000000000000000000000000000110000000000000
0000000000000011000000000000000000000000000000000110000000000000
0000000000000011000000000000000000000000000000000100000000000000
0000000000011111000000000000000000000000000000001110000000000000
0000000000111100000000000000000000000000000000001111110000000000
0000000001110000000000000000000000000000000000001001111100000000
0000000001100000000000000000000000000000000000000000011110000000
0000000011000000000000000000000000000000000000000000000110000000
0000000011000000000000000000000000000000000000000000000011000000
0000000110000000000000000000000000000000000000000000000011000000
0000000110000000000000000000000000000000000000000000000011100000
0000000110000000000000000000000000000000000000000000000001100000
0000000110000000000000000000000000000000000000000000000001100000
0000000110000000000000000000000000000000000000000000000001100000
0000000110000000000000000000000000000000000000000000000001100000
0000000011000000000000000000000000000000000000000000000011000000
0000000011100000000000000000000000000000000000000000000011000000
0000000001100000000000000001000001000001000000000000000110000000
0000000000111000000000000011000001000001100000000000011110000000
0000000000011110000000000011000011000011000000000001111100000000
0000000000001111111111100011000011000011000111111111110000000000
0000000000000001111111000110000110000110000111111111000000000000
0000000000000000000000000110000110000110000000000000000000000000
0000000000000000000000001100000100000110000000000000000000000000
0000000000000000000000001100001100001100000000000000000000000000
0000000000000000000000001000001100001100000000000000000000000000
0000000000000000000000011000011000011000000000000000000000000000
0000000000000000000000011000011000011000000000000000000000000000
0000000000000000000000110000010000010000000000000000000000000000
0000000000000000000000110000110000110000000000000000000000000000
0000000000000000000000100000110000110000000000000000000000000000
0000000000000000000000000000100000100000000000000000000000000000
0000000000000000000000000000000000000000000000000000000000000000
0000000000000000000000000000000000000000000000000000000000000000
0000000000000000000110000010000010000000000000000000000000000000
0000000000000000000111000111000111000000000000000000000000000000
0000000000000000000110000111000011000000000000000000000000000000
0000000000000000000000000000000000000000000000000000000000000000
0000000000000000000000000000000000000000000000000000000000000000
0000000000000000000000000000000000000000000000000000000000000000
0000000000000000000000000000000000000000000000000000000000000000
0000000000000000000000000000000000000000000000000000000000000000
0000000000000000000000000000000000000000000000000000000000000000
