0000000000000000000000000000000000000000000000000000000000000000
0000000000000000000000000000000000000000000000000000000000000000
0000000000000000000000000000000000000000000000000000000000000000
0000000000000000000000000000000000000000000000000000000000000000
0000000000000000000000000000000000000000000000000000000000000000
0000000000000000000000000000000000000000000000000000000000000000
0000000000000000000000000000000000000100000000000000000000000000
0000000000000000000000000000000001111111110000000000000000000000
0000000000000000000000000000000111111111111100000000000000000000
0000000000000000000000000000001111000000001111000000000000000000
0000000000000000000000000000011100000000000011100000000000000000
0000000000000000000000000000111000000000000001110000000000000000
0000000000000000000011111001110000000000000000111000000000000000
0000000000000000001111111111100000000000000000011000000000000000
0000000000000000011100000111000000000000000000011100000000000000
0000000000000000111000000001000000000000000000001100000000000000
0000000000000001110000000000000000000000000000001100000000000000
0000000000000001100000000000000000000000000000001110000000000000
0000000000000011000000000000000000000000000000000110000000000000
0000000000000011000000000000000000000000000000000110000000000000
0000000000000011000000000000000000000000000000000110000000000000
0000000000000011000000000000000000000000000000000110000000000000
0000000000001111000000000000000000000000000000001110000000000000
0000000000111100000000000000000000000000000000001111110000000000
0000000001110000000000000000000000000000000000001011111000000000
0000000001100000000000000000000000000000000000000000011100000000
0000000011000000000000000000000000000000000000000000001110000000
0000000011000000000000000000000000000000000000000000000111000000
0000000110000000000000000000000000000000000000000000000011000000
0000000110000000000000000000000000000000000000000000000011100000
0000000110000000000000000000000000000000000000000000000001100000
0000000110000000000000000000000000011100000000000000000001100000
0000000110000000000000000000000000011000000000000000000001100000
0000000110000000000000000000000000111000000000000000000001100000
0000000011000000000000000000000001110000000000000000000011000000
0000000011000000000000000000000001100000000000000000000011000000
0000000001100000000000000000000011000000000000000000000110000000
0000000001110000000000000000000111000000000000000000001110000000
0000000000111110000000000000001110000000000000000000111100000000
0000000000001111111111100000001100000000000111111111110000000000
0000000000000011111111100000011000000000000111111111000000000000
0000000000000000000000000000111000000000000000000000000000000000
0000000000000000000000000000111111111100000000000000000000000000
0000000000000000000000000001111111111100000000000000000000000000
0000000000000000000000000000000000011000000000000000000000000000
0000000000000001100001100000000000110000001100001110000000000000
0000000000000011100001100000000001110000011100001100000000000000
0000000000000011000011100000000001100000011000001100000000000000
0000000000000111000011000000000011100000111000011000000000000000
0000000000000110000111000000000111000000110000011000000000000000
0000000000001110000110000000000110000000110000110000000000000000
0000000000001100001110000000001110000001100000110000000000000000
0000000000001100000100000000001100000000100000100000000000000000
0000000000000000000000000000011100000000000000000000000000000000
0000000000000000000000000000111000000000000000000000000000000000
0000000000000000000000000000110000000000000000000000000000000000
0000000000000000000000000001110000000000000000000000000000000000
0000000000000000000000000001100000000000000000000000000000000000
0000000000000000000000000001100000000000000000000000000000000000
0000000000000000000000000000000000000000000000000000000000000000
0000000000000000000000000000000000000000000000000000000000000000
0000000000000000000000000000000000000000000000000000000000000000
0000000000000000000000000000000000000000000000000000000000000000
0000000000000000000000000000000000000000000000000000000000000000
